#E_{dc}                \tilde{E}_{\omega}     \tilde{\omega}         mu                     v_{dr}/v_{p}         A(\omega)              NORM     v_{y}/v_{p}    m/m_{x,k}   <v_{dr}/v_{p}>   <v_{y}/v_{p}>    <m/m_{x,k}>
6.40000000000000035527 0.10000000000000000555 0.50000000000000000000 1.15999999999999992006 0.58948553874610143399 0.00004896543530308259 0.99999991508822150266 -2.41819968417662645166 0.15590908167414946339 0.58675883081064539315 -2.40851404289002468673 0.15434936767820345294
6.40000000000000035527 0.10000000000000000555 1.10000000000000008882 1.15999999999999992006 0.59202748285774198234 0.00096840955220043495 0.99999991527697096316 -2.41525016176751794461 0.15785921363295238318 0.58710451622959791695 -2.40993261094217148255 0.15428906756985838467
6.40000000000000035527 0.10000000000000000555 1.30000000000000004441 1.15999999999999992006 0.58741254463649139606 0.00147439601901616472 0.99999991466748294755 -2.42507365783372108581 0.15162082334633136815 0.58720524002655383189 -2.41034592878682918382 0.15426544719581983256
6.40000000000000035527 0.10000000000000000555 1.50000000000000000000 1.15999999999999992006 0.57902994935080664973 0.00211285655207546410 0.99999991544749589067 -2.39523814132249635023 0.15289737983537640686 0.58728581231249543659 -2.41067673769325407918 0.15423953561462078188
6.40000000000000035527 0.10000000000000000555 1.69999999999999995559 1.15999999999999992006 0.59299703343651422038 0.00288155783921137431 0.99999991539163279874 -2.40407211118661745530 0.15687348874765974505 0.58735755120387034278 -2.41097246815712606960 0.15421005127131282020
6.40000000000000035527 0.10000000000000000555 1.89999999999999991118 1.15999999999999992006 0.59394292754599320450 0.00376219680970685776 0.99999991468834625863 -2.43086075862156691940 0.15391547372212088796 0.58743682133039942794 -2.41129559052786168749 0.15417890589997620965
6.40000000000000035527 0.10000000000000000555 2.10000000000000008882 1.15999999999999992006 0.57585033904678073480 0.00472094315351595257 0.99999991532747323220 -2.40959644216834911745 0.15257736538972879736 0.58750690631487356708 -2.41158465882174954942 0.15414787322463524566
6.40000000000000035527 0.10000000000000000555 2.29999999999999982236 1.15999999999999992006 0.58717387056500980336 0.00563216197710531170 0.99999991547888156251 -2.39189758556472931161 0.15486847589012922577 0.58757424535600732973 -2.41186016879792219925 0.15412063359645750138
6.40000000000000035527 0.10000000000000000555 2.50000000000000000000 1.15999999999999992006 0.60043430412212461800 0.00640254690227721242 0.99999991472514648816 -2.42386766137920606212 0.15482488637643873619 0.58764995375382966802 -2.41216285581856393350 0.15409943913212659217
6.40000000000000035527 0.10000000000000000555 2.70000000000000017764 1.15999999999999992006 0.58173846400153494951 0.00695259237911881756 0.99999991520873043882 -2.42600476710161627736 0.15354804283698647582 0.58773421208567822038 -2.41252139775698681845 0.15408441881361420456
6.40000000000000035527 0.10000000000000000555 2.89999999999999991118 1.15999999999999992006 0.57700292686051135593 0.00720032679002709664 0.99999991554784517511 -2.39570895963611407709 0.15362733220765131814 0.58782996189762948269 -2.41291236155923360940 0.15407624453382429142
6.40000000000000035527 0.10000000000000000555 3.10000000000000008882 1.15999999999999992006 0.60058578439878085309 0.00710082325537525309 0.99999991478331062833 -2.40918658679189379157 0.15412117816423881456 0.58791920607966741130 -2.41326989211674725055 0.15407604227773494254
6.40000000000000035527 0.10000000000000000555 3.29999999999999982236 1.15999999999999992006 0.59137137688217455977 0.00669650025268114357 0.99999991508634100690 -2.43004465352400744749 0.15508823008253569409 0.58796959169548157487 -2.41348392205693818013 0.15408214656851035307
6.40000000000000035527 0.10000000000000000555 3.50000000000000000000 1.15999999999999992006 0.57508050791153464409 0.00601926490333142168 0.99999991559601986157 -2.40931361368212781926 0.15379751542435060596 0.58797242605979604946 -2.41349454315043132624 0.15409206008821776934
6.40000000000000035527 0.10000000000000000555 3.70000000000000017764 1.15999999999999992006 0.59125584008411491421 0.00513909913913773459 0.99999991486620209979 -2.40228492853060737744 0.15258264050757605612 0.58794690046681474804 -2.41338584001560851888 0.15410525406712885510
6.40000000000000035527 0.10000000000000000555 3.89999999999999991118 1.15999999999999992006 0.59730097998350883959 0.00424159156099057719 0.99999991496266016355 -2.42174277392810877174 0.15526747011290120692 0.58788472041098127630 -2.41313370622101519558 0.15411951739579787812
6.40000000000000035527 0.10000000000000000555 4.09999999999999964473 1.15999999999999992006 0.57957628286982543209 0.00345308757943360058 0.99999991561848755595 -2.41625768161392251443 0.15556992003160594051 0.58780010793038273142 -2.41278678460287965279 0.15413457392268256618
6.40000000000000035527 0.10000000000000000555 4.29999999999999982236 1.15999999999999992006 0.58561521191920440366 0.00277896014993764392 0.99999991497344487001 -2.40468402130480729539 0.15187535886870789925 0.58771563454487596445 -2.41243973045744830586 0.15415112136535658038
6.40000000000000035527 0.10000000000000000555 4.50000000000000000000 1.15999999999999992006 0.59483449553001666033 0.00227769624936317383 0.99999991484278039078 -2.41415083056818247087 0.15394015807015748454 0.58763250992221194302 -2.41209893304018496707 0.15416644538689341926
6.40000000000000035527 0.10000000000000000555 4.70000000000000017764 1.15999999999999992006 0.58427170518205384653 0.00196328339255475402 0.99999991561127998807 -2.41577387852745539831 0.15683712988228432073 0.58755490406897525890 -2.41178096978940503803 0.15418023244030579222
6.40000000000000035527 0.10000000000000000555 4.90000000000000035527 1.15999999999999992006 0.58466945757901778169 0.00173016098250066471 0.99999991510232166814 -2.40733003701134240515 0.15264090719279202468 0.58748871083208908939 -2.41150810290845418749 0.15419241315826465177
6.40000000000000035527 0.10000000000000000555 5.09999999999999964473 1.15999999999999992006 0.59207768447120756594 0.00161565023089881282 0.99999991473405946962 -2.41171829930171588430 0.15245086511775879368 0.58743058695823568982 -2.41127045116019278481 0.15420193720617050848
6.40000000000000035527 0.10000000000000000555 5.20000000000000017764 1.15999999999999992006 0.58992897785498943364 0.00161608214587155834 0.99999991516312991546 -2.41433523967873409077 0.15515877134718639163 0.58740487298553689666 -2.41116652498806027793 0.15420594755454428149
6.40000000000000035527 0.10000000000000000555 5.40000000000000035527 1.15999999999999992006 0.58325317148499200570 0.00163979522415606729 0.99999991560747392150 -2.41057268526307133527 0.15656848674943413258 0.58736335647069337629 -2.41099441637220124335 0.15421341665901441842
6.40000000000000035527 0.10000000000000000555 5.59999999999999964473 1.15999999999999992006 0.58917793945646779186 0.00168984512085057817 0.99999991477673577656 -2.40869166175753024461 0.15154934886408855110 0.58733866845691018455 -2.41088648243401815208 0.15422088681232562490
6.40000000000000035527 0.10000000000000000555 5.79999999999999982236 1.15999999999999992006 0.58946249735300881856 0.00181442923153122106 0.99999991501138518757 -2.41337273924993134244 0.15372959074947326052 0.58732137070094558862 -2.41081582521441317724 0.15422796776590233514
6.40000000000000035527 0.10000000000000000555 6.00000000000000000000 1.15999999999999992006 0.58308023511643281012 0.00194943837314935056 0.99999991566442991697 -2.41038623141864150057 0.15736714133029772178 0.58730436626813642409 -2.41074590834808999418 0.15423555983946835024
6.40000000000000035527 0.10000000000000000555 6.20000000000000017764 1.15999999999999992006 0.58932101475939224766 0.00202376296187547176 0.99999991489290362967 -2.40844366867701120682 0.15244030415648276988 0.58728320534996303337 -2.41065860061777748058 0.15424424719353799218
6.40000000000000035527 0.10000000000000000555 6.40000000000000035527 1.15999999999999992006 0.58973060825259648876 0.00213334076914280983 0.99999991483011718696 -2.41301014127957813571 0.15235425435452484844 0.58725646948854348661 -2.41055557284385546524 0.15425275066391974654
6.40000000000000035527 0.10000000000000000555 6.59999999999999964473 1.15999999999999992006 0.58267111145286976104 0.00229891156421206579 0.99999991572041935228 -2.41043128300648978879 0.15750885251575758028 0.58721536759127734850 -2.41039311930217037272 0.15425977353425304739
6.40000000000000035527 0.10000000000000000555 6.79999999999999982236 1.15999999999999992006 0.58864392564424150578 0.00238281392273650668 0.99999991500614315854 -2.40755314839300016416 0.15385823234098208734 0.58716394900798019041 -2.41018200637801438546 0.15426589250300609679
6.40000000000000035527 0.10000000000000000555 7.00000000000000000000 1.15999999999999992006 0.59079663996006148707 0.00250643102712643341 0.99999991468947380113 -2.41224495969764696213 0.15124009830369167240 0.58710636012342054535 -2.40994424962999609363 0.15427180177386815019
6.40000000000000035527 0.10000000000000000555 7.20000000000000017764 1.15999999999999992006 0.58210820441700938943 0.00266431078506277740 0.99999991570614732428 -2.41046415783648981801 0.15685713848474533427 0.58705090908614765421 -2.40971038486734823181 0.15427705477942899037
6.40000000000000035527 0.10000000000000000555 7.40000000000000035527 1.15999999999999992006 0.58730211102584928273 0.00277803823253080758 0.99999991516822372972 -2.40646762879803643997 0.15546582654576401872 0.58700376998591174971 -2.40950775363360802928 0.15428208210910623888
6.40000000000000035527 0.10000000000000000555 7.59999999999999964473 1.15999999999999992006 0.59212934086579527282 0.00289205874492583226 0.99999991456038050952 -2.41112848794783829476 0.15091394317699050043 0.58696388503700891448 -2.40933925464667586525 0.15428663958959215607
6.40000000000000035527 0.10000000000000000555 7.79999999999999982236 1.15999999999999992006 0.58223031526253643531 0.00306467093888010368 0.99999991563306311892 -2.41091004629469463083 0.15555261518862378844 0.58692958852865795283 -2.40920129091087931172 0.15429091398665104040
6.40000000000000035527 0.10000000000000000555 8.00000000000000000000 1.15999999999999992006 0.58513807626038749632 0.00316830098389847981 0.99999991537098076311 -2.40584618234672165116 0.15663969757975118591 0.58690159666959840212 -2.40909319729706261626 0.15429538507486745269
6.40000000000000035527 0.10000000000000000555 8.19999999999999928946 1.15999999999999992006 0.59345945044189463147 0.00324169750586331649 0.99999991445085001374 -2.40985832969358426681 0.15138103579394004972 0.58688110104282897872 -2.40901741393697133020 0.15429990634660142867
6.40000000000000035527 0.10000000000000000555 8.40000000000000035527 1.15999999999999992006 0.58346260728610299662 0.00338663685951520960 0.99999991550022204745 -2.41162450151599250248 0.15419033036501134104 0.58686793452634899992 -2.40896966839849291375 0.15430333638856727485
6.40000000000000035527 0.10000000000000000555 8.59999999999999964473 1.15999999999999992006 0.58253298687710375336 0.00342686431927292793 0.99999991560047651884 -2.40603929973213137572 0.15718287544580680781 0.58686035314434048527 -2.40893994718242021591 0.15430668574247988212
6.40000000000000035527 0.10000000000000000555 8.80000000000000071054 1.15999999999999992006 0.59390617144379154180 0.00343103627508195390 0.99999991438120638954 -2.40846613079453719664 0.15228802741174990443 0.58685472880484546021 -2.40891521247067830203 0.15431046749195884149
6.40000000000000035527 0.10000000000000000555 9.00000000000000000000 1.15999999999999992006 0.58580769516577035905 0.00351155278589407750 0.99999991529526466305 -2.41210905664244013025 0.15307265683795104327 0.58684886384876844279 -2.40888334498440803699 0.15431396402425520686
6.40000000000000035527 0.10000000000000000555 9.19999999999999928946 1.15999999999999992006 0.58037791035744756840 0.00350775209997879808 0.99999991584669656319 -2.40685919214018984036 0.15718310939232574275 0.58684183824039282129 -2.40884635326263207844 0.15431705785647426010
6.40000000000000035527 0.10000000000000000555 9.40000000000000035527 1.15999999999999992006 0.59294414647288740117 0.00347618730712362248 0.99999991437602397948 -2.40714047359489846656 0.15335479651677383361 0.58683274428703191550 -2.40880379743895778333 0.15431958522414773727
6.40000000000000035527 0.10000000000000000555 9.59999999999999964473 1.15999999999999992006 0.58866056227017071745 0.00348288569034208928 0.99999991499986262689 -2.41195080805913697475 0.15228915102148146699 0.58681695242240117238 -2.40874115612740613557 0.15432182932427035427
6.40000000000000035527 0.10000000000000000555 9.80000000000000071054 1.15999999999999992006 0.57917656746866130746 0.00346995442512986352 0.99999991609364102807 -2.40786606074544629053 0.15679433799130540472 0.58679417136316192050 -2.40865240755207965506 0.15432366951071968542
6.40000000000000035527 0.10000000000000000555 10.00000000000000000000 1.15999999999999992006 0.59080673345229739457 0.00337744204325162887 0.99999991447385250254 -2.40603117891495221770 0.15442139103063728944 0.58676724523645484854 -2.40854869929184145505 0.15432587256094915107
6.40000000000000035527 0.10000000000000000555 10.19999999999999928946 1.15999999999999992006 0.59125358655134085950 0.00333356908488300144 0.99999991458676273925 -2.41111183283564933788 0.15186684705797726114 0.58674260516186182990 -2.40844872907728380085 0.15432793656010035388
6.40000000000000035527 0.10000000000000000555 10.40000000000000035527 1.15999999999999992006 0.57921152034092493466 0.00327915556492067639 0.99999991630724416325 -2.40878078254765259913 0.15609400683527563380 0.58672245765281227925 -2.40836211478092909744 0.15432972117668250500
6.40000000000000035527 0.10000000000000000555 10.59999999999999964473 1.15999999999999992006 0.58800776297058865438 0.00320807756125993972 0.99999991474469263064 -2.40540833113302099378 0.15537078642891227753 0.58670572026915801533 -2.40829080453004529261 0.15433164365377849414
6.40000000000000035527 0.10000000000000000555 10.80000000000000071054 1.15999999999999992006 0.59317311450555620933 0.00312920075999647282 0.99999991401689170001 -2.41002305337545141839 0.15186011303776411618 0.58669148236283574782 -2.40823511448728799778 0.15433344455952519025
6.40000000000000035527 0.10000000000000000555 11.00000000000000000000 1.15999999999999992006 0.58038795093029327266 0.00311198054437434408 0.99999991639587060277 -2.40961089365397551632 0.15520130295308606772 0.58668148641933270948 -2.40819421046699044808 0.15433476441844942717
6.40000000000000035527 0.10000000000000000555 11.19999999999999928946 1.15999999999999992006 0.58508273017038470165 0.00295645265022830266 0.99999991532698007113 -2.40537938284442143200 0.15603572162854487115 0.58667401697567300722 -2.40816575848683278593 0.15433603102005574725
6.40000000000000035527 0.10000000000000000555 11.40000000000000035527 1.15999999999999992006 0.59415576372239453651 0.00289024029606636942 0.99999991328322890283 -2.40890737930926057686 0.15223620968587736613 0.58666960922920208255 -2.40814635850047986665 0.15433747588726268174
6.40000000000000035527 0.10000000000000000555 11.59999999999999964473 1.15999999999999992006 0.58246610661051145819 0.00280723627474665626 0.99999991608090565975 -2.41022449129531013412 0.15432194721774322721 0.58666719035094849755 -2.40813454701823781434 0.15433850631411089038
6.40000000000000035527 0.10000000000000000555 11.80000000000000071054 1.15999999999999992006 0.58250371519392529773 0.00270122955696942618 0.99999991640280827543 -2.40582557038216560130 0.15633040353924620991 0.58666590026592158047 -2.40812776214034540700 0.15433907563785947969
6.40000000000000035527 0.10000000000000000555 12.00000000000000000000 1.15999999999999992006 0.59403337975083503331 0.00256296038660988861 0.99999991280466593579 -2.40788074546336794413 0.15284423032286750810 0.58666430364421873200 -2.40812455915351675273 0.15433982085623187963
6.40000000000000035527 0.10000000000000000555 12.19999999999999928946 1.15999999999999992006 0.58506977100708290607 0.00252115410507226193 0.99999991469970095359 -2.41049940373655902093 0.15360997315881971814 0.58666480583815705518 -2.40812423513532269936 0.15434041978819226792
6.40000000000000035527 0.10000000000000000555 12.40000000000000035527 1.15999999999999992006 0.58066376834040545063 0.00240211863638220557 0.99999991752317896054 -2.40656378398968318066 0.15630480091067350257 0.58666475507128734712 -2.40812542286592057295 0.15434122676237052585
6.40000000000000035527 0.10000000000000000555 12.59999999999999964473 1.15999999999999992006 0.59287090769813766133 0.00227911366252657888 0.99999991406860277987 -2.40706243175017986502 0.15352464471215318542 0.58666465845612747465 -2.40812696134812886939 0.15434213941466112807
6.40000000000000035527 0.10000000000000000555 12.80000000000000071054 1.15999999999999992006 0.58772511777707703295 0.00221182385629257582 0.99999991277832100955 -2.41041253397924037927 0.15312699325673270745 0.58666539435261855218 -2.40812824009866943697 0.15434299747375485046
6.40000000000000035527 0.10000000000000000555 13.00000000000000000000 1.15999999999999992006 0.57981075992191088986 0.00209631288854183117 0.99999991692631851059 -2.40740561765180594023 0.15604773374210303971 0.58666618713147922204 -2.40812827231210890844 0.15434362875024745798
6.40000000000000035527 0.10000000000000000555 13.19999999999999928946 1.15999999999999992006 0.59095103360374190427 0.00192472658602545416 0.99999991604542060042 -2.40652393797414054788 0.15416903361651182469 0.58666468165797425183 -2.40812446085646847393 0.15434432438976178337
