#E_{dc}                \tilde{E}_{\omega}     \tilde{\omega}         mu                     v_{dr}/v_{p}         A(\omega)              NORM     v_{y}/v_{p}    m/m_{x,k}   <v_{dr}/v_{p}>   <v_{y}/v_{p}>    <m/m_{x,k}>
6.40000000000000035527 0.10000000000000000555 0.34999999999999997780 116.00000000000000000000 0.30941590075132546778 -0.00227688251303488675 0.99999999999991973088 0.00000000000000000716 0.02315495952330299742 0.30508597553275296210 0.00000000000000000620 0.02254090131669372887
6.40000000000000035527 0.10000000000000000555 0.50000000000000000000 116.00000000000000000000 0.30391935533667285840 -0.00228051661399087139 0.99999999999991973088 0.00000000000000000716 0.02218897220515409288 0.30508632602231577913 0.00000000000000000620 0.02254086638311838739
6.40000000000000035527 0.10000000000000000555 0.59999999999999997780 116.00000000000000000000 0.30077597255987126301 -0.00228524214494677837 0.99999999999991973088 0.00000000000000000716 0.02182686430622118520 0.30508642912417666127 0.00000000000000000620 0.02254077346618786615
6.40000000000000035527 0.10000000000000000555 0.69999999999999995559 116.00000000000000000000 0.30148616846119274948 -0.00229159566634241614 0.99999999999991973088 0.00000000000000000716 0.02215210776614637972 0.30508649849094499062 0.00000000000000000620 0.02254067202135287551
6.40000000000000035527 0.10000000000000000555 0.80000000000000004441 116.00000000000000000000 0.30545065236111240692 -0.00230005317531846963 0.99999999999991973088 0.00000000000000000716 0.02288618355165586774 0.30508670093046330596 0.00000000000000000620 0.02254061171657343113
6.40000000000000035527 0.10000000000000000555 0.90000000000000002220 116.00000000000000000000 0.30918216380393342968 -0.00231651300179818061 0.99999999999991973088 0.00000000000000000716 0.02331998231902508018 0.30508718356958047790 0.00000000000000000620 0.02254063200634671971
6.40000000000000035527 0.10000000000000000555 1.00000000000000000000 116.00000000000000000000 0.30918633962829888961 -0.00233159257639748308 0.99999999999991973088 0.00000000000000000716 0.02297017416660786238 0.30508771560977548942 0.00000000000000000620 0.02254067914178496668
6.40000000000000035527 0.10000000000000000555 1.10000000000000008882 116.00000000000000000000 0.30540636754064920400 -0.00232748314990305957 0.99999999999991973088 0.00000000000000000716 0.02217772306142531610 0.30508782846144266721 0.00000000000000000620 0.02254068505095867953
6.40000000000000035527 0.10000000000000000555 1.19999999999999995559 116.00000000000000000000 0.30136794318506349155 -0.00233640378790197275 0.99999999999991973088 0.00000000000000000716 0.02172816617511403453 0.30508803247719656904 0.00000000000000000620 0.02254065508777457899
6.40000000000000035527 0.10000000000000000555 1.30000000000000004441 116.00000000000000000000 0.30066835538301811548 -0.00233299677406262687 0.99999999999991973088 0.00000000000000000716 0.02204338076295601564 0.30508789242078226955 0.00000000000000000620 0.02254056613097599193
6.40000000000000035527 0.10000000000000000555 1.39999999999999991118 116.00000000000000000000 0.30391082565426197348 -0.00236314879621538944 0.99999999999991973088 0.00000000000000000716 0.02287112462877125690 0.30508841793201552095 0.00000000000000000620 0.02254053417710051230
6.40000000000000035527 0.10000000000000000555 1.50000000000000000000 116.00000000000000000000 0.30833484024458879258 -0.00239157887487905212 0.99999999999991973088 0.00000000000000000716 0.02345208658903895002 0.30508905466519165017 0.00000000000000000620 0.02254063151401529755
6.40000000000000035527 0.10000000000000000555 1.60000000000000008882 116.00000000000000000000 0.30989493720511018804 -0.00239741543202335932 0.99999999999991973088 0.00000000000000000716 0.02313976358020356297 0.30508934472837651031 0.00000000000000000620 0.02254068917490400017
6.40000000000000035527 0.10000000000000000555 1.69999999999999995559 116.00000000000000000000 0.30698883449676606094 -0.00241251548478308266 0.99999999999991973088 0.00000000000000000716 0.02219952443916283977 0.30508976419302169525 0.00000000000000000620 0.02254073297251820915
6.40000000000000035527 0.10000000000000000555 1.80000000000000004441 116.00000000000000000000 0.30234326811726697226 -0.00240803609215151657 0.99999999999991973088 0.00000000000000000716 0.02157915173710614823 0.30508991233283710987 0.00000000000000000620 0.02254065981640234959
6.40000000000000035527 0.10000000000000000555 1.89999999999999991118 116.00000000000000000000 0.30019871649827928328 -0.00243972834336183197 0.99999999999991973088 0.00000000000000000716 0.02184338148236245405 0.30509042252303819609 0.00000000000000000620 0.02254078312957139701
6.40000000000000035527 0.10000000000000000555 2.00000000000000000000 116.00000000000000000000 0.30236947873763825312 -0.00245085993326516014 0.99999999999991973088 0.00000000000000000716 0.02278905092480455405 0.30509042252179247035 0.00000000000000000620 0.02254090187170625439
6.40000000000000035527 0.10000000000000000555 2.50000000000000000000 116.00000000000000000000 0.30012240720959798557 -0.00256289288165261918 0.99999999999991973088 0.00000000000000000716 0.02155530443418299594 0.30509286764088361377 0.00000000000000000620 0.02254111955583666671
6.40000000000000035527 0.10000000000000000555 3.00000000000000000000 116.00000000000000000000 0.30562111087154719691 -0.00275764274668123446 0.99999999999991973088 0.00000000000000000716 0.02117821622656554728 0.30509635167882875884 0.00000000000000000620 0.02254269489120546907
6.40000000000000035527 0.10000000000000000555 3.50000000000000000000 116.00000000000000000000 0.31127720555481647180 -0.00302927793970287880 0.99999999999991973088 0.00000000000000000716 0.02323298000586761572 0.30509950590064666143 0.00000000000000000620 0.02254378801013799324
6.40000000000000035527 0.10000000000000000555 4.00000000000000000000 116.00000000000000000000 0.30739211753550177431 -0.00327860886602344970 0.99999999999991973088 0.00000000000000000716 0.02484653921186946030 0.30510390890714811363 0.00000000000000000620 0.02254560000545118709
6.40000000000000035527 0.10000000000000000555 4.50000000000000000000 116.00000000000000000000 0.29801052554346590950 -0.00353125143240212149 0.99999999999991973088 0.00000000000000000716 0.02322858967878285719 0.30510850095592273457 0.00000000000000000620 0.02255002360251246243
6.40000000000000035527 0.10000000000000000555 5.00000000000000000000 116.00000000000000000000 0.29915605257201544065 -0.00375877932711016650 0.99999999999991973088 0.00000000000000000716 0.01885874149997157634 0.30511124704913472616 0.00000000000000000620 0.02255724081717740831
6.40000000000000035527 0.10000000000000000555 5.29999999999999982236 116.00000000000000000000 0.30921443231095008253 -0.00404909020216428703 0.99999999999991973088 0.00000000000000000716 0.02712649485158009563 0.30511353179547412440 0.00000000000000000620 0.02256699843313345402
6.40000000000000035527 0.10000000000000000555 5.50000000000000000000 116.00000000000000000000 0.31434192752257195114 -0.00376785973133409976 0.99999999999991973088 0.00000000000000000716 0.02013114794120706569 0.30510790136104548598 0.00000000000000000620 0.02257069271840506791
6.40000000000000035527 0.10000000000000000555 5.59999999999999964473 116.00000000000000000000 0.30429769294581743289 -0.00360241001286344458 0.99999999999991973088 0.00000000000000000716 0.01700534358028103071 0.30510318545854753225 0.00000000000000000620 0.02257368086010209593
6.40000000000000035527 0.10000000000000000555 5.90000000000000035527 116.00000000000000000000 0.30119419086812698749 -0.00276387406370920408 0.99999999999991973088 0.00000000000000000716 0.02834513868911090612 0.30508558385434408899 0.00000000000000000620 0.02258245742080449564
6.40000000000000035527 0.10000000000000000555 6.20000000000000017764 116.00000000000000000000 0.31493404215618886477 -0.00089156851558158385 0.99999999999991973088 0.00000000000000000716 0.01786991674272279257 0.30505497974248946269 0.00000000000000000620 0.02258671026655439951
6.40000000000000035527 0.10000000000000000555 6.50000000000000000000 116.00000000000000000000 0.29157083627492313971 0.00124108484239213428 0.99999999999991973088 0.00000000000000000716 0.02469535708904643106 0.30501461566196258479 0.00000000000000000620 0.02258370083477587165
6.40000000000000035527 0.10000000000000000555 6.50000000000000000000 116.00000000000000000000 0.29157083627492313971 0.00124108484239213428 0.99999999999991973088 0.00000000000000000716 0.02469535708904643106 0.30501461566196258479 0.00000000000000000620 0.02258370083477587165
6.40000000000000035527 0.10000000000000000555 6.79999999999999982236 116.00000000000000000000 0.31860620959187457846 0.00309839554796483355 0.99999999999991973088 0.00000000000000000716 0.02359441110466828709 0.30499455653827928225 0.00000000000000000620 0.02257125231450765254
6.40000000000000035527 0.10000000000000000555 7.09999999999999964473 116.00000000000000000000 0.29420484499971549797 0.00377742574422089113 0.99999999999991973088 0.00000000000000000716 0.01954745798783107461 0.30498667723643868577 0.00000000000000000620 0.02255767716122181882
6.40000000000000035527 0.10000000000000000555 7.40000000000000035527 116.00000000000000000000 0.31239830199738982675 0.00390955870387096026 0.99999999999991973088 0.00000000000000000716 0.02665516948958491020 0.30499258898185976907 0.00000000000000000620 0.02254936533264616239
6.40000000000000035527 0.10000000000000000555 7.50000000000000000000 116.00000000000000000000 0.31416508944439675011 0.00389533605078516872 0.99999999999991973088 0.00000000000000000716 0.02174953690211690535 0.30499348096794220986 0.00000000000000000620 0.02254405380455606900
6.40000000000000035527 0.10000000000000000555 7.70000000000000017764 116.00000000000000000000 0.30045322824594516975 0.00355914331286017382 0.99999999999991973088 0.00000000000000000716 0.01824570876551788803 0.30499595981703125913 0.00000000000000000620 0.02253953351360993979
6.40000000000000035527 0.10000000000000000555 8.00000000000000000000 116.00000000000000000000 0.30719235737323191682 0.00325847218472075095 0.99999999999991973088 0.00000000000000000716 0.02677067437217158646 0.30500306366915214129 0.00000000000000000620 0.02253496223364499784
6.40000000000000035527 0.10000000000000000555 8.30000000000000071054 116.00000000000000000000 0.30434066026436656927 0.00290834730682593958 0.99999999999991973088 0.00000000000000000716 0.01867390239968705692 0.30500990649268239219 0.00000000000000000620 0.02252790347646373842
6.40000000000000035527 0.10000000000000000555 8.50000000000000000000 116.00000000000000000000 0.30004280181429193730 0.00254756420855798294 0.99999999999991973088 0.00000000000000000716 0.02415512936240151246 0.30501250662318751816 0.00000000000000000620 0.02252938287599282399
6.40000000000000035527 0.10000000000000000555 8.59999999999999964473 116.00000000000000000000 0.30437312335544020048 0.00253487408352842713 0.99999999999991973088 0.00000000000000000716 0.02602615442067726312 0.30501600469186179732 0.00000000000000000620 0.02252969497418395861
6.40000000000000035527 0.10000000000000000555 8.90000000000000035527 116.00000000000000000000 0.30640114780021227014 0.00228194127766022728 0.99999999999991973088 0.00000000000000000716 0.01951018710592699809 0.30502262939836316535 0.00000000000000000620 0.02252528274248390486
6.40000000000000035527 0.10000000000000000555 9.19999999999999928946 116.00000000000000000000 0.30297206033141854675 0.00207565193279577809 0.99999999999991973088 0.00000000000000000716 0.02512647025438582982 0.30502738485177832706 0.00000000000000000620 0.02252409046315696772
6.40000000000000035527 0.10000000000000000555 9.50000000000000000000 116.00000000000000000000 0.30734006307778427569 0.00188519095892671139 0.99999999999991973088 0.00000000000000000716 0.02039060266470568705 0.30503305831512717017 0.00000000000000000620 0.02252190214906147139
6.40000000000000035527 0.10000000000000000555 9.50000000000000000000 116.00000000000000000000 0.30734006307778427569 0.00188519095892671139 0.99999999999991973088 0.00000000000000000716 0.02039060266470568705 0.30503305831512717017 0.00000000000000000620 0.02252190214906147139
6.40000000000000035527 0.10000000000000000555 9.80000000000000071054 116.00000000000000000000 0.30242444867090856331 0.00157143213960924712 0.99999999999991973088 0.00000000000000000716 0.02426445337673052705 0.30503539529137413400 0.00000000000000000620 0.02252236585688309131
6.40000000000000035527 0.10000000000000000555 10.09999999999999964473 116.00000000000000000000 0.30763219948262437997 0.00170975462986127399 0.99999999999991973088 0.00000000000000000716 0.02120755960811842450 0.30504292355824241811 0.00000000000000000620 0.02251931458967846786
6.40000000000000035527 0.10000000000000000555 10.40000000000000035527 116.00000000000000000000 0.30235870488041288739 0.00126083111666818273 0.99999999999991973088 0.00000000000000000716 0.02348200025832114166 0.30504338397175428943 0.00000000000000000620 0.02252020507149368050
6.40000000000000035527 0.10000000000000000555 10.50000000000000000000 116.00000000000000000000 0.30441837067785282311 0.00139508921427771121 0.99999999999991973088 0.00000000000000000716 0.02467323907199197100 0.30504597159004476215 0.00000000000000000620 0.02251967910778998952
6.40000000000000035527 0.10000000000000000555 10.69999999999999928946 116.00000000000000000000 0.30754145449131797818 0.00144448909427564672 0.99999999999991973088 0.00000000000000000716 0.02193697536384850086 0.30504999048863651323 0.00000000000000000620 0.02251843035182371847
6.40000000000000035527 0.10000000000000000555 11.00000000000000000000 116.00000000000000000000 0.30258993419656882162 0.00104684573364225830 0.99999999999991973088 0.00000000000000000716 0.02280411278704530184 0.30505079163935650000 0.00000000000000000620 0.02251859221561761451
6.40000000000000035527 0.10000000000000000555 11.30000000000000071054 116.00000000000000000000 0.30721410885175387540 0.00137352648518189696 0.99999999999991973088 0.00000000000000000716 0.02254795693110098545 0.30505731759195220398 0.00000000000000000620 0.02251775574346063374
6.40000000000000035527 0.10000000000000000555 11.50000000000000000000 116.00000000000000000000 0.30434358005454664742 0.00101083648381519535 0.99999999999991973088 0.00000000000000000716 0.02087441639925611755 0.30505749976218160535 0.00000000000000000620 0.02251725048924560837
6.40000000000000035527 0.10000000000000000555 11.59999999999999964473 116.00000000000000000000 0.30299371659407148272 0.00084554618263767926 0.99999999999991973088 0.00000000000000000716 0.02224530967705772369 0.30505722508408578131 0.00000000000000000620 0.02251744611004230512
6.40000000000000035527 0.10000000000000000555 11.90000000000000035527 116.00000000000000000000 0.30675324275530196916 0.00097738949867468916 0.99999999999991973088 0.00000000000000000716 0.02304946610489368511 0.30506161050766478215 0.00000000000000000620 0.02251710040081618749
6.40000000000000035527 0.10000000000000000555 12.19999999999999928946 116.00000000000000000000 0.30348269937143962371 0.00064750529676140315 0.99999999999991973088 0.00000000000000000716 0.02181207530284310150 0.30506292464688061772 0.00000000000000000620 0.02251643498206617675
6.40000000000000035527 0.10000000000000000555 12.50000000000000000000 116.00000000000000000000 0.30624528190856303844 0.00102961580131527650 0.99999999999991973088 0.00000000000000000716 0.02340806829132961384 0.30506796866163155002 0.00000000000000000620 0.02251735463778179597
6.40000000000000035527 0.10000000000000000555 12.50000000000000000000 116.00000000000000000000 0.30624528190856303844 0.00102961580131527650 0.99999999999991973088 0.00000000000000000716 0.02340806829132961384 0.30506796866163155002 0.00000000000000000620 0.02251735463778179597
6.40000000000000035527 0.10000000000000000555 12.80000000000000071054 116.00000000000000000000 0.30400379571416885627 0.00072862452379751522 0.99999999999991973088 0.00000000000000000716 0.02149737913037436110 0.30506949891783197160 0.00000000000000000620 0.02251655376158632343
6.40000000000000035527 0.10000000000000000555 13.09999999999999964473 116.00000000000000000000 0.30573593660234754665 0.00090844163776845107 0.99999999999991973088 0.00000000000000000716 0.02364598741600572318 0.30507274359868108426 0.00000000000000000620 0.02251747149644039991
6.40000000000000035527 0.10000000000000000555 13.40000000000000035527 116.00000000000000000000 0.30450013873448983359 0.00065880042959119050 0.99999999999991973088 0.00000000000000000716 0.02131369218141231439 0.30507455301243413537 0.00000000000000000620 0.02251645295542380881
6.40000000000000035527 0.10000000000000000555 13.50000000000000000000 116.00000000000000000000 0.30363329193874610823 0.00064937808932306927 0.99999999999991973088 0.00000000000000000716 0.02245470576290082426 0.30507507257401816902 0.00000000000000000620 0.02251675025226717447
6.40000000000000035527 0.10000000000000000555 13.69999999999999928946 116.00000000000000000000 0.30526849752225976298 0.00077715408472966887 0.99999999999991973088 0.00000000000000000716 0.02376250282597537622 0.30507703858759349647 0.00000000000000000620 0.02251765743872642320
6.40000000000000035527 0.10000000000000000555 14.00000000000000000000 116.00000000000000000000 0.30494069925655331588 0.00058773503538326092 0.99999999999991973088 0.00000000000000000716 0.02124847148429018229 0.30507912047626256635 0.00000000000000000620 0.02251621844298162811
6.40000000000000035527 0.10000000000000000555 14.50000000000000000000 116.00000000000000000000 0.30614019168237438517 0.00067942382654636885 0.99999999999991973088 0.00000000000000000716 0.02189260111008345736 0.30508313478342807823 0.00000000000000000620 0.02251660501955740634
